1.468752771551363415e-03 4.620668129235426698e-03 1.419658554252973886e-03 9.915643525731422398e-04
5.435804072590460362e-03 1.044620091481155560e-03 1.308256800358467697e-03 1.536731844275568675e-03
1.475674477526647300e-03 1.610324823509099671e-03 1.273707075696169609e-02 2.758260111595812244e-03
2.366464974973342492e-03 1.546632963694839465e-03 1.495799441866192334e-02 1.259120235416784361e-02
2.622546949977995912e-03 4.162884216804262419e-03 2.607655361965863228e-02 6.702492465227736541e-03
1.168416793007991117e-02 3.091650001691904209e-02 4.653613283941283700e-03 5.345247415508374254e-03
6.297629783725312846e-03 5.855722697275884438e-03 1.915051660164659650e-02 6.280212219782876915e-02
8.030090703421406684e-02 6.437363905347250059e-03 6.224595820341498158e-03 1.798466790073795923e-02
1.645763772621002506e-03 2.583411161628543316e-03 5.073516523995593580e-03 2.106441849246654466e-03
3.740428339592453619e-03 4.873782345606607683e-03 6.409093437610742386e-04 8.148966014918830603e-03
1.182060323464228027e-03 2.430094404622887977e-03 2.588996319003674263e-03 1.112329791970181371e-02
5.110063262144028465e-03 1.493196272130987035e-03 6.280493896720766057e-04 2.465783439357723678e-02
3.764006198755701429e-03 1.925440368182877466e-03 2.508725817989464549e-02 3.277167499953389986e-03
1.310041675476337868e-02 3.835582989412983368e-02 4.422162619177388496e-03 4.287846344055188524e-03
1.593206595363829553e-02 4.771250421467095049e-02 8.167211155518291910e-02 1.213790177174663143e-02
1.047779895824162838e-02 7.085075528079301521e-02 1.038010558257574344e-02 1.035727255725267699e-02
1.377750553703944417e-04 1.331304790054828693e-04 1.100951481409678855e-04 3.863753526573602583e-03
1.044159478648414539e-03 1.654429787110505909e-04 4.666520904587426188e-03 2.915249578537761500e-04
6.292842014778391065e-03 8.411619197938241597e-05 4.745592167680594698e-05 3.397710193065224622e-06
0.000000000000000000e+00 0.000000000000000000e+00 0.000000000000000000e+00 0.000000000000000000e+00
8.385538223971604824e-04 5.006442605666667697e-03 1.272180530365457120e-02 3.997864661484789098e-03
8.151528443484966965e-04 4.859975083693200693e-03 2.643572873457797692e-03 2.561619897154613495e-02
1.750149104276280815e-02 1.307649815330425361e-02 6.329416712541098555e-02 1.501529436572287407e-02
3.539188665934302203e-02 5.934866990845683726e-02 1.394760893358320403e-02 1.455235693761247964e-02
1.024705225523265639e-04 8.745541047677454121e-05 1.061289850272368988e-03 8.835483475015737181e-05
7.781629661896837555e-05 6.437186312288208328e-05 3.238413448098080225e-03 8.956048464656704913e-05
1.486564086974880104e-04 2.736977511074685585e-05 4.266824515692888356e-03 3.785312325498293263e-05
3.831853827343142374e-06 2.986273003578867680e-05 2.979606650343911319e-08 2.076267307951585456e-02
6.160350794532034116e-03 1.796611816167719279e-04 1.070897388970827070e-02 1.307481864345785524e-04
0.000000000000000000e+00 0.000000000000000000e+00 0.000000000000000000e+00 0.000000000000000000e+00
2.342592966163429408e-02 3.083407866635215662e-03 1.675417454496032632e-01 3.598928812865249960e-02
3.688867454455541789e-02 1.554625374056824161e-01 2.382161997150080215e-02 5.748812437836709616e-02
4.988700327754189883e-05 3.755627100287057998e-05 4.744667389618189890e-05 7.340465196412444479e-04
2.530241893875579318e-05 2.486255671582786330e-05 2.526057890987079779e-05 1.675112373818192415e-03
2.119742971590845952e-03 4.807514898093695152e-06 1.301582685313668165e-10 4.920737020654711779e-06
0.000000000000000000e+00 0.000000000000000000e+00 0.000000000000000000e+00 0.000000000000000000e+00
5.862762796146229550e-05 7.798614835315513527e-04 3.162428741514718145e-02 9.629666586518046420e-04
3.797264473892442930e-04 5.741599695614463261e-02 1.753781317860796107e-03 2.027336023368063803e-03
8.639756450169341212e-03 3.896283499180354382e-02 4.576308971547587978e-02 1.098427113316708392e-01
2.076434646608029191e-02 9.429709720181395083e-02 4.933349137724968858e-01 6.222424719199549925e-02
4.169896149291460978e-05 3.190090504419871296e-06 1.446661707249906228e-05 1.088968249410428874e-05
0.000000000000000000e+00 0.000000000000000000e+00 0.000000000000000000e+00 0.000000000000000000e+00
0.000000000000000000e+00 0.000000000000000000e+00 0.000000000000000000e+00 0.000000000000000000e+00
2.359007339543323601e-06 1.457378263183731811e-03 1.505457235612834913e-06 7.616293646441309102e-07
2.233831786132572944e-05 4.212392951493254274e-05 4.864305604814302131e-03 1.448745691269481481e-02
6.279952507878860946e-02 7.420359184412983217e-04 5.754947642716695677e-04 2.751953666658524082e-05
0.000000000000000000e+00 0.000000000000000000e+00 0.000000000000000000e+00 0.000000000000000000e+00
6.537888163939706287e-02 5.058280942372188338e-02 7.433880945964075337e-01 1.197110580473252917e-01
1.510794121682211348e-05 1.172368098598223469e-06 7.590056251702111418e-08 5.501984226045929688e-06
0.000000000000000000e+00 0.000000000000000000e+00 0.000000000000000000e+00 0.000000000000000000e+00
1.486554919825384238e-09 3.252778248373240500e-08 6.627138630637408588e-05 8.710581722942594664e-10
1.769485121041530854e-08 7.426581828565610807e-10 1.142935854398174516e-08 1.358850658999860746e-04
0.000000000000000000e+00 0.000000000000000000e+00 0.000000000000000000e+00 0.000000000000000000e+00
6.958616624050115163e-02 2.184591920486426850e-05 1.191095826849942227e-04 2.073723164499791691e-06
0.000000000000000000e+00 0.000000000000000000e+00 0.000000000000000000e+00 0.000000000000000000e+00
1.816912035800446329e-02 5.929936811872506958e-03 9.383259555301617372e-01 3.070691489344892222e-01
9.429441991722788724e-06 5.904421664306177404e-06 8.031757803362598970e-06 5.862729030149294914e-06
1.192093813207041418e-06 8.539392234365606870e-06 1.406180208056871032e-06 1.094970011520717585e-06
4.548567736718896468e-07 1.228832009243234465e-07 5.390003320089793787e-08 1.022714572765885807e-05
0.000000000000000000e+00 0.000000000000000000e+00 0.000000000000000000e+00 0.000000000000000000e+00
7.344383392421736686e-07 4.647309765095436473e-01 2.703261865893000648e-06 2.931916310368586301e-06
3.595414369386850002e-03 5.375104408916017706e-02 5.270618008855170178e-01 8.935577207499016683e-02
2.130837195520875887e-02 9.278703202283884455e-01 6.049652788721995855e-02 3.119819242017732482e-03
0.000000000000000000e+00 0.000000000000000000e+00 0.000000000000000000e+00 0.000000000000000000e+00
